0 1
0 72
0 31
0 42
0 37
0 45
0 92
0 76
0 150
0 102
0 25
0 18
0 127
0 113
0 95
0 82
0 19
0 98
0 134
0 140
0 4
0 120
0 5
0 39
0 27
0 9
0 94
0 131
0 139
0 60
0 46
0 83
0 77
0 80
0 68
0 89
0 17
0 38
0 2
0 47
0 52
0 106
0 56
0 70
1 2
1 134
1 6
1 22
1 29
1 141
1 125
1 95
1 143
1 13
1 138
1 44
1 50
1 112
1 75
1 129
1 8
1 77
1 25
1 149
1 33
1 7
1 130
1 67
1 88
1 71
1 113
2 3
2 83
2 22
2 107
2 20
2 11
2 150
2 41
2 57
2 9
2 16
2 14
2 44
2 31
2 75
2 40
2 80
2 49
2 92
2 13
2 103
2 67
2 59
2 6
2 53
2 25
2 90
2 115
2 65
2 101
2 109
2 76
2 96
2 112
2 116
2 46
2 17
2 39
2 43
2 148
2 12
2 105
2 61
2 8
2 66
2 47
3 4
3 31
3 40
3 71
3 34
3 16
3 13
3 54
3 111
3 2
3 132
3 103
3 60
3 32
3 47
3 102
3 46
3 10
3 76
3 39
3 74
3 113
3 83
3 129
3 82
3 124
3 136
3 33
3 131
3 7
3 73
3 92
3 56
3 9
3 23
3 75
3 96
3 78
3 49
3 146
3 5
4 5
4 60
4 129
4 21
4 84
4 95
4 73
4 66
4 116
4 120
4 19
4 23
4 90
4 49
4 148
4 69
4 146
4 62
4 13
4 22
4 143
5 6
5 1
5 102
5 19
5 32
5 116
5 127
5 69
5 86
5 82
5 94
5 150
5 2
5 143
5 144
5 87
5 74
5 48
5 130
5 10
5 65
5 56
6 7
6 19
6 96
6 97
6 28
6 86
6 89
6 57
6 84
6 38
6 71
6 5
6 145
6 32
6 123
6 21
6 55
6 119
6 39
6 48
6 99
6 90
6 15
6 50
6 30
6 45
6 110
6 132
6 31
6 18
6 112
6 118
6 43
6 47
6 72
6 65
6 20
6 143
6 51
6 122
6 134
6 1
6 9
6 82
6 78
6 68
7 8
7 9
7 32
7 67
7 58
7 22
7 148
7 13
7 83
7 142
7 119
7 64
7 34
7 130
7 143
7 112
7 71
7 87
7 17
7 30
7 54
7 24
7 108
7 20
7 56
7 73
7 15
7 2
7 48
7 85
7 68
7 28
7 115
7 29
7 44
7 86
7 33
7 135
7 51
7 45
7 103
7 63
7 97
7 12
7 65
7 49
8 9
8 62
8 73
8 38
8 84
8 131
8 57
8 125
8 45
8 111
8 25
8 66
8 78
8 110
8 54
8 56
8 136
8 26
8 103
8 116
8 91
8 144
8 64
8 33
8 35
8 76
8 141
8 118
8 146
8 150
8 92
8 53
8 93
8 7
8 58
8 112
8 79
8 72
8 36
8 13
8 88
8 1
8 17
8 123
8 122
8 100
8 140
8 23
8 97
8 134
8 115
8 87
9 10
9 135
9 138
9 147
9 94
9 84
9 72
9 131
9 91
9 7
9 65
9 51
9 121
9 17
9 25
9 11
9 54
9 40
9 37
9 97
9 67
9 78
9 55
9 100
9 61
9 49
9 56
9 140
9 80
9 90
9 0
9 5
9 83
9 35
9 44
9 79
9 74
9 77
9 31
9 62
9 85
9 32
9 148
10 11
10 97
10 115
10 77
10 20
10 123
10 23
10 24
10 93
10 109
10 36
10 18
10 90
10 84
10 30
10 61
10 9
10 6
10 45
10 81
10 49
10 113
10 133
10 83
10 140
10 25
10 131
10 65
10 33
10 29
10 146
10 32
10 142
10 89
10 27
10 114
10 94
10 0
10 59
10 144
10 129
10 126
10 28
10 57
10 68
10 41
10 14
11 12
11 57
11 78
11 42
11 125
11 59
11 53
11 113
11 98
11 129
11 64
11 43
11 1
11 8
11 14
11 24
11 50
11 73
11 136
11 138
11 118
11 72
11 108
11 9
11 120
11 32
11 25
12 13
12 27
12 78
12 112
12 40
12 95
12 29
12 89
12 87
12 16
12 147
12 14
12 74
12 71
12 120
12 48
12 1
12 20
12 11
12 94
12 10
12 106
12 67
12 38
12 32
12 116
12 125
12 104
12 80
12 64
12 109
12 128
13 14
13 41
13 64
13 77
13 114
13 8
13 53
13 98
13 67
13 18
13 6
13 58
13 122
13 83
13 49
13 50
13 65
13 22
13 71
13 7
13 35
13 97
13 99
13 100
13 47
13 54
13 84
13 26
14 15
14 66
14 89
14 94
14 34
14 7
14 41
14 131
14 123
14 63
14 28
14 142
14 53
14 147
14 85
14 47
14 62
14 70
14 48
14 122
14 88
14 74
14 104
14 11
15 16
15 109
15 122
15 86
15 108
15 42
15 148
15 13
15 141
15 83
15 11
15 34
15 81
15 126
15 123
15 143
15 125
15 112
15 6
15 98
15 68
15 88
15 91
15 96
15 43
15 73
15 63
15 114
15 59
15 24
15 75
15 133
15 52
15 27
15 118
15 62
15 78
15 116
15 104
15 130
15 2
15 32
15 9
16 17
16 6
16 80
16 83
16 100
16 69
16 61
16 55
16 43
16 129
16 45
16 110
16 140
16 47
16 12
16 128
16 28
16 84
16 146
16 39
16 125
16 115
16 33
16 63
16 130
16 14
16 93
16 86
16 90
16 51
16 113
16 97
16 66
16 77
16 126
16 141
16 147
16 57
16 59
16 107
16 29
16 79
17 18
17 44
17 101
17 128
17 84
17 146
17 69
17 112
17 121
17 4
17 117
17 46
17 25
17 39
17 82
17 80
17 74
17 8
17 45
17 129
17 98
17 96
17 59
17 43
17 114
17 133
17 150
17 1
17 67
17 37
17 26
17 125
17 97
17 147
17 9
17 34
18 19
18 100
18 96
18 120
18 1
18 44
18 60
18 63
18 124
18 29
18 20
18 62
18 99
18 142
18 22
18 147
18 74
18 118
18 106
18 8
18 15
18 76
18 12
18 134
18 56
18 55
18 146
18 73
18 94
18 148
18 83
18 35
18 98
18 49
18 2
18 81
18 112
18 57
18 144
18 84
18 17
18 137
18 104
18 26
18 135
18 101
18 28
18 136
18 23
19 20
19 50
19 62
19 104
19 30
19 94
19 147
19 33
19 136
19 18
19 58
19 110
19 5
19 81
19 123
19 17
19 130
19 73
19 1
19 78
19 46
19 125
19 75
19 49
19 145
19 11
19 133
19 83
19 4
19 27
19 105
19 150
19 45
19 69
19 54
20 21
20 6
20 57
20 66
20 147
20 47
20 88
20 56
20 144
20 46
20 117
20 141
20 80
20 120
20 18
20 78
20 1
20 26
20 145
20 126
20 63
21 22
21 124
21 139
21 126
21 44
21 46
21 99
21 18
21 94
21 112
21 96
21 2
21 88
21 97
21 109
21 47
21 143
21 63
21 102
21 6
21 113
21 58
21 33
21 119
21 141
21 0
22 23
22 43
22 39
22 82
22 7
22 96
22 88
22 133
22 8
22 85
22 104
22 107
22 20
22 149
22 147
22 129
22 61
22 35
22 103
22 138
22 137
22 121
22 42
22 139
22 92
22 10
22 123
22 122
23 24
23 107
23 55
23 76
23 130
23 32
23 22
23 143
23 63
23 1
23 19
23 20
23 91
23 74
23 48
23 66
23 70
23 58
23 139
23 64
23 53
23 106
23 29
23 62
23 50
23 124
23 12
23 90
23 129
23 82
23 16
23 148
23 10
23 87
23 49
23 101
23 17
23 142
23 83
23 103
23 92
23 104
23 26
23 113
23 145
23 67
23 105
23 100
23 118
23 54
24 25
24 122
24 104
24 45
24 111
24 115
24 76
24 132
24 40
24 22
24 75
24 12
24 123
24 135
24 137
24 96
24 51
24 127
24 145
24 68
24 77
24 109
24 43
25 26
25 137
25 47
25 34
25 91
25 121
25 99
25 70
25 149
25 58
25 31
25 32
25 104
25 52
25 68
25 120
25 92
25 57
25 86
25 67
25 118
25 45
25 43
25 42
25 103
25 48
25 15
25 76
25 141
25 119
25 131
25 23
25 38
25 36
25 94
26 27
26 138
26 25
26 75
26 31
26 66
26 77
26 9
26 22
26 140
26 48
26 36
26 111
26 7
26 20
26 41
26 115
26 129
26 28
26 12
26 124
26 2
26 127
27 28
27 94
27 83
27 115
27 32
27 20
27 19
27 2
27 124
27 76
27 26
27 81
27 114
27 66
27 132
27 29
27 127
27 99
27 23
27 18
27 137
27 36
27 117
27 46
27 136
27 105
27 3
27 111
27 53
27 0
27 51
27 74
27 13
27 146
27 102
27 22
27 121
28 29
28 130
28 116
28 85
28 70
28 78
28 30
28 128
28 144
28 131
28 56
28 100
28 24
28 47
28 14
28 137
28 109
28 48
28 64
28 92
28 118
28 4
28 115
28 123
28 51
28 145
28 63
28 113
28 54
28 53
28 76
28 117
28 102
28 7
28 21
29 30
29 33
29 21
29 72
29 131
29 74
29 146
29 65
29 24
29 150
29 122
29 8
29 115
29 127
29 59
29 64
29 27
29 104
29 31
29 101
29 89
29 134
29 138
29 92
29 126
29 39
29 61
29 77
29 111
29 11
29 140
29 94
29 130
29 5
29 68
29 69
29 22
29 35
29 83
29 81
29 43
29 99
29 49
29 125
30 31
30 95
30 148
30 135
30 65
30 58
30 129
30 120
30 77
30 147
30 28
30 104
30 46
30 144
30 36
30 55
30 122
30 87
30 136
30 143
30 9
30 75
30 0
30 2
30 118
30 70
30 81
30 47
30 73
30 125
30 3
30 38
30 93
30 29
30 24
30 4
30 19
30 59
30 35
30 43
30 66
30 119
30 145
30 146
30 76
31 32
31 144
31 103
31 60
31 123
31 33
31 66
31 122
31 137
31 15
31 143
31 129
31 120
31 97
31 91
31 106
31 119
31 47
31 46
31 63
31 25
31 3
31 50
31 8
31 49
31 124
31 0
31 125
31 117
31 98
31 148
31 34
31 72
31 73
31 149
31 56
31 84
31 77
31 81
31 68
31 20
31 133
31 121
31 104
31 115
31 101
31 36
31 128
31 21
31 53
31 42
31 95
32 33
32 74
32 88
32 7
32 87
32 9
32 115
32 85
32 78
32 121
32 142
32 70
32 10
32 62
32 6
32 19
32 130
32 84
32 140
32 29
32 95
32 149
32 108
32 47
32 94
32 17
32 127
32 124
32 120
32 123
32 77
32 136
32 50
32 66
32 31
32 54
32 69
32 67
32 48
32 143
32 146
32 131
32 51
32 116
32 90
32 3
32 34
32 65
33 34
33 5
33 43
33 88
33 114
33 144
33 146
33 35
33 8
33 140
33 11
33 119
33 9
33 55
33 131
33 53
33 110
33 91
33 129
33 71
33 73
33 101
33 64
33 16
33 81
33 60
33 134
33 28
33 117
34 35
34 114
34 18
34 6
34 48
34 134
34 57
34 20
34 28
34 94
34 88
34 79
34 123
34 8
34 60
34 44
34 4
34 1
34 23
34 96
34 125
34 39
34 52
34 0
34 108
34 139
34 69
34 145
34 31
34 80
35 36
35 105
35 73
35 128
35 86
35 42
35 146
35 139
35 136
35 45
35 89
35 80
35 61
35 92
35 60
35 74
35 7
35 144
35 34
35 124
35 116
35 59
35 27
35 6
36 37
36 78
36 148
36 125
36 44
36 71
36 51
36 21
36 67
36 48
36 91
36 83
36 17
36 46
36 120
36 119
36 57
36 74
36 59
36 89
36 94
36 88
36 73
36 144
36 104
36 33
36 5
36 54
36 31
36 124
36 77
36 58
36 113
36 1
36 122
36 97
36 98
36 146
36 139
36 6
36 117
36 102
36 100
36 81
36 133
36 112
36 65
36 27
36 150
36 105
36 129
36 147
36 76
36 70
36 106
36 52
37 38
37 120
37 16
37 99
37 117
37 44
37 77
37 144
37 5
37 31
37 127
37 26
37 34
37 110
37 45
37 7
37 47
37 60
37 139
37 42
37 119
37 53
37 89
37 96
37 21
37 0
37 128
37 137
37 55
37 95
37 43
37 87
37 115
37 63
37 10
37 8
37 39
37 91
37 93
37 121
37 132
37 12
37 58
37 22
38 39
38 79
38 125
38 94
38 119
38 1
38 22
38 6
38 35
38 148
38 110
38 121
38 74
38 30
38 9
38 118
38 27
38 46
38 127
38 51
38 123
38 17
38 19
38 49
38 146
38 113
38 124
38 28
38 50
38 87
39 40
39 96
39 116
39 134
39 141
39 30
39 79
39 118
39 41
39 103
39 31
39 81
39 91
39 7
39 52
39 75
39 13
39 94
39 144
39 70
39 49
39 43
39 25
39 57
39 101
39 133
40 41
40 5
40 48
40 146
40 109
40 62
40 31
40 38
40 86
40 0
40 63
40 126
40 35
40 17
40 105
40 103
40 74
40 39
40 70
40 147
40 124
41 42
41 31
41 105
41 63
41 98
41 73
41 10
41 49
41 39
41 46
41 107
41 13
41 33
41 26
41 97
41 142
41 129
41 100
41 78
41 149
41 111
41 70
41 119
41 85
41 3
41 14
41 81
41 101
41 32
41 18
41 128
41 148
41 79
41 17
41 104
41 83
41 87
41 65
41 76
41 72
41 77
41 86
41 92
41 51
41 36
41 60
42 43
42 126
42 20
42 26
42 67
42 137
42 127
42 86
42 133
42 115
42 85
42 33
42 102
42 124
42 47
42 12
42 55
42 120
42 121
42 44
42 100
42 117
42 122
42 76
42 143
42 147
42 53
42 17
42 104
42 111
42 21
42 52
42 32
42 109
42 141
42 91
42 82
42 63
42 142
42 38
42 106
42 19
42 69
42 60
42 135
42 95
42 129
42 71
42 31
43 44
43 42
43 112
43 115
43 117
43 67
43 101
43 40
43 122
43 32
43 74
43 33
43 58
43 73
43 4
43 52
43 19
43 75
43 14
43 150
43 38
43 92
43 0
43 129
43 82
43 94
43 128
43 13
43 110
43 89
43 3
43 131
43 136
43 31
43 103
43 24
43 50
43 41
43 137
43 36
43 79
43 124
44 45
44 61
44 37
44 143
44 56
44 117
44 105
44 145
44 16
44 71
44 88
44 42
44 50
44 94
44 47
44 128
44 17
44 101
44 137
44 142
44 64
44 138
44 6
44 144
44 79
44 150
44 10
44 114
44 58
44 41
44 129
44 7
44 82
44 99
44 134
44 11
44 120
44 15
45 46
45 148
45 103
45 87
45 140
45 96
45 79
45 43
45 116
45 137
45 128
45 133
45 37
45 60
45 27
45 10
45 111
45 124
45 70
45 9
45 54
45 52
45 112
45 39
45 127
45 113
45 97
45 98
45 61
45 150
45 23
45 95
45 51
45 105
45 77
45 143
45 131
45 141
45 7
45 78
45 8
45 71
45 34
45 4
45 67
45 104
46 47
46 84
46 11
46 69
46 58
46 97
46 15
46 70
46 106
46 77
46 40
46 79
46 130
46 75
46 92
46 128
46 126
46 104
46 114
46 108
46 107
46 30
46 43
46 123
46 31
46 41
46 71
46 82
46 146
46 132
46 12
46 101
46 94
46 37
47 48
47 90
47 91
47 26
47 45
47 12
47 58
47 50
47 22
47 149
47 83
47 2
47 111
47 128
47 88
47 46
47 13
47 36
47 77
47 92
47 61
47 145
47 108
47 7
48 49
48 150
48 99
48 33
48 52
48 119
48 1
48 93
48 149
48 56
48 19
48 85
48 86
48 128
48 129
48 116
48 125
48 136
48 43
48 111
48 36
48 14
48 117
48 81
48 126
48 57
48 8
49 50
49 11
49 101
49 51
49 141
49 132
49 45
49 150
49 97
49 127
49 89
49 144
49 69
49 93
49 131
49 5
49 77
49 57
49 2
49 95
49 36
49 117
49 1
49 102
49 98
49 34
49 129
49 119
49 60
49 3
49 105
49 114
49 38
50 51
50 24
50 58
50 55
50 26
50 56
50 87
50 20
50 44
50 85
50 118
50 74
50 68
50 33
50 134
50 126
50 62
50 18
50 135
50 11
50 138
50 12
50 104
50 149
50 5
50 2
50 59
50 9
50 97
50 17
50 127
50 7
50 32
50 139
50 95
50 130
50 71
50 102
50 46
50 22
50 100
50 28
50 34
50 65
50 10
50 146
50 121
50 83
50 142
51 52
51 119
51 81
51 112
51 136
51 93
51 142
51 90
51 14
51 100
51 86
51 6
51 85
51 149
51 70
51 82
51 120
51 117
51 77
51 15
51 44
51 67
51 87
51 0
51 143
51 103
51 20
51 11
51 36
51 92
51 64
51 113
51 68
51 99
51 29
51 78
51 12
51 55
51 42
51 13
51 9
51 144
51 125
51 2
52 53
52 27
52 65
52 141
52 43
52 58
52 138
52 50
52 124
52 118
52 99
52 93
52 129
52 143
52 26
52 78
52 19
52 6
52 35
52 147
52 71
52 106
52 101
52 41
52 67
53 54
53 115
53 139
53 126
53 45
53 22
53 59
53 120
53 67
53 119
53 97
53 135
53 98
53 76
53 107
53 7
53 113
53 4
53 75
53 34
53 2
53 58
53 118
53 24
53 133
53 56
53 77
53 8
53 124
53 105
53 52
53 57
53 49
53 116
53 23
53 41
53 20
53 29
53 12
53 43
53 122
53 16
53 123
53 38
53 11
54 55
54 89
54 5
54 140
54 25
54 76
54 114
54 4
54 46
54 113
54 37
54 47
54 64
54 53
54 134
54 86
54 120
54 117
54 19
54 11
54 82
54 144
54 12
55 56
55 89
55 142
55 144
55 118
55 131
55 7
55 66
55 46
55 86
55 120
55 130
55 124
55 92
55 70
55 109
55 95
55 12
55 21
55 107
55 88
55 9
55 18
55 1
55 129
55 54
55 143
55 33
56 57
56 81
56 143
56 96
56 99
56 124
56 110
56 77
56 11
56 54
56 118
56 130
56 10
56 146
56 98
56 112
56 5
56 34
56 51
56 62
56 84
56 16
56 125
56 86
56 69
56 76
56 109
57 58
57 91
57 146
57 14
57 5
57 30
57 3
57 8
57 107
57 62
57 90
57 76
57 120
57 87
57 9
57 61
57 64
57 22
57 110
57 101
57 68
57 75
57 66
57 63
57 133
57 85
57 40
57 103
57 117
57 121
57 6
57 28
57 20
57 122
57 53
57 44
57 24
57 49
57 98
57 73
57 95
57 41
57 80
57 113
57 112
57 83
57 145
57 52
57 81
57 128
58 59
58 114
58 94
58 65
58 39
58 150
58 9
58 141
58 109
58 115
58 119
58 122
58 40
58 142
58 82
58 17
58 46
58 49
58 61
58 11
58 63
58 47
58 108
58 123
58 25
58 48
58 42
58 104
58 87
59 60
59 57
59 75
59 43
59 139
59 114
59 5
59 91
59 89
59 23
59 39
59 135
59 112
59 54
59 19
59 61
59 150
59 71
59 65
59 51
59 82
59 148
59 132
59 41
59 117
59 124
59 53
59 90
59 116
59 110
59 126
59 119
59 29
59 96
59 102
59 72
59 149
59 22
60 61
60 27
60 35
60 77
60 113
60 46
60 23
60 57
60 126
60 145
60 26
60 136
60 72
60 31
60 24
60 55
60 41
60 87
60 48
60 10
60 21
60 0
60 66
60 81
60 34
60 28
60 1
60 56
60 65
60 148
60 96
60 69
60 133
60 20
60 15
60 130
60 139
60 134
60 107
61 62
61 63
61 64
61 24
61 11
61 89
61 126
61 107
61 100
61 53
61 16
61 92
61 67
61 12
61 141
61 105
61 139
61 52
61 65
61 6
61 76
61 41
61 84
61 146
61 99
61 132
61 86
61 143
61 21
61 129
61 9
61 46
61 30
61 138
61 29
61 34
61 27
61 91
61 4
61 81
61 87
61 59
61 60
61 98
61 149
61 108
61 69
61 7
61 38
61 19
61 118
61 134
62 63
62 127
62 87
62 22
62 10
62 75
62 94
62 144
62 35
62 86
62 46
62 119
62 118
62 38
62 149
62 137
62 23
62 92
62 150
62 84
62 81
62 17
62 37
62 141
62 56
63 64
63 9
63 65
63 7
63 132
63 25
63 90
63 131
63 85
63 49
63 6
63 11
63 23
63 52
63 91
63 118
63 88
63 16
63 96
63 83
63 99
63 98
63 27
63 75
63 104
63 86
63 3
63 127
63 35
63 92
63 0
63 121
63 41
63 107
63 108
63 100
63 119
63 44
63 146
63 95
63 113
63 13
63 33
63 142
63 70
63 15
63 120
63 115
63 45
64 65
64 128
64 96
64 11
64 81
64 54
64 30
64 23
64 86
64 6
64 37
64 107
64 117
64 136
64 40
64 89
64 2
64 87
64 88
64 123
64 51
64 135
64 147
64 69
64 99
64 33
64 38
64 60
64 47
64 119
64 73
64 100
64 59
64 92
64 130
64 138
64 132
64 62
64 61
64 9
64 75
64 139
65 66
65 58
65 56
65 62
65 79
65 140
65 15
65 150
65 104
65 20
65 61
65 108
65 110
65 80
65 118
65 9
65 8
65 11
65 113
65 99
65 89
65 93
65 137
65 51
65 70
65 90
65 134
65 107
65 112
65 96
65 138
65 100
65 144
65 72
65 128
65 68
65 53
65 97
65 125
65 27
65 102
66 67
66 22
66 47
66 92
66 51
66 20
66 82
66 23
66 75
66 97
66 90
66 49
66 119
66 5
66 106
66 70
66 46
66 95
66 140
66 86
66 53
66 91
66 26
66 133
66 18
66 16
66 136
66 68
66 87
66 55
66 9
66 52
66 59
66 131
66 112
66 43
66 69
67 68
67 57
67 115
67 112
67 73
67 72
67 120
67 7
67 4
67 102
67 118
67 3
67 145
67 15
67 98
67 26
67 69
67 34
67 138
67 139
67 59
67 131
67 8
67 55
67 54
67 114
67 76
67 80
67 103
67 75
67 40
67 111
67 135
67 48
67 56
67 119
67 149
67 37
68 69
68 78
68 107
68 60
68 9
68 126
68 124
68 27
68 3
68 23
68 110
68 39
68 80
68 116
68 22
68 55
68 25
68 130
68 118
68 147
68 50
69 70
69 128
69 64
69 38
69 101
69 68
69 132
69 98
69 14
69 25
69 48
69 27
69 61
69 139
69 145
69 131
69 9
69 57
69 105
69 79
69 62
69 74
69 46
69 93
69 125
69 109
69 36
69 119
69 114
69 28
69 100
70 71
70 11
70 34
70 91
70 73
70 33
70 122
70 58
70 123
70 24
70 1
70 42
70 3
70 7
70 101
70 65
70 56
70 46
70 94
70 20
70 72
70 63
70 100
70 61
70 38
70 135
70 142
70 8
70 138
70 90
70 144
70 69
70 85
70 2
70 130
70 9
70 29
70 51
70 99
70 143
70 84
70 150
71 72
71 27
71 12
71 130
71 129
71 1
71 0
71 131
71 18
71 103
71 106
71 127
71 96
71 2
71 19
71 82
71 120
71 4
71 80
71 9
71 70
71 139
71 35
71 24
71 88
71 42
72 73
72 105
72 28
72 139
72 67
72 106
72 36
72 83
72 94
72 124
72 113
72 131
72 148
72 85
72 135
72 25
72 103
72 2
72 47
72 136
72 12
72 43
72 38
72 30
72 59
72 126
73 74
73 105
73 34
73 130
73 138
73 26
73 132
73 124
73 28
73 89
73 88
73 134
73 79
73 45
73 129
73 30
73 66
73 25
73 76
73 120
73 139
74 75
74 26
74 90
74 35
74 33
74 17
74 9
74 134
74 46
74 94
74 137
74 24
74 63
74 79
74 84
74 7
74 150
74 31
74 96
74 144
74 101
74 23
74 91
74 92
74 113
74 68
74 27
74 67
74 61
74 86
74 42
74 99
74 29
74 102
74 141
74 25
75 76
75 17
75 124
75 41
75 16
75 35
75 113
75 52
75 49
75 33
75 79
75 11
75 25
75 83
75 5
75 133
75 125
75 65
75 6
75 114
75 87
75 40
75 85
75 15
75 1
75 105
75 44
75 127
75 144
75 131
75 134
75 130
75 71
75 20
75 140
75 47
75 55
75 62
75 107
75 101
75 121
76 77
76 124
76 60
76 145
76 127
76 10
76 107
76 55
76 83
76 147
76 63
76 100
76 142
76 52
76 95
76 93
76 30
76 121
76 138
76 108
76 101
76 27
76 42
76 119
76 148
76 143
76 146
76 51
76 72
76 144
76 13
76 111
76 54
76 20
76 128
76 36
76 102
76 6
76 49
76 81
76 109
76 65
76 45
76 74
77 78
77 109
77 19
77 35
77 27
77 96
77 141
77 100
77 22
77 44
77 11
77 99
77 1
77 70
77 128
77 83
77 13
77 59
78 79
78 72
78 17
78 34
78 49
78 130
78 117
78 38
78 5
78 15
78 112
78 68
78 76
78 86
78 53
78 58
78 50
78 57
78 13
78 88
78 92
78 3
78 9
78 148
79 80
79 23
79 118
79 106
79 62
79 73
79 34
79 100
79 6
79 140
79 105
79 76
79 48
79 83
79 113
79 141
79 126
79 149
79 45
79 115
79 91
79 66
79 72
79 137
79 131
79 26
79 50
79 138
79 90
79 78
79 103
79 116
79 142
79 148
79 5
79 94
79 65
79 38
79 59
79 21
79 19
79 31
79 58
79 28
79 53
79 102
79 101
79 10
79 33
79 70
79 123
80 81
80 106
80 72
80 34
80 43
80 37
80 22
80 94
80 7
80 15
80 65
80 104
80 148
80 19
80 111
80 2
80 137
80 27
80 17
80 125
80 63
80 105
81 82
81 102
81 43
81 83
81 100
81 11
81 104
81 106
81 145
81 53
81 142
81 60
81 109
81 93
81 39
81 146
81 17
81 50
81 22
81 130
81 121
81 15
81 33
81 150
81 71
81 56
81 18
81 127
81 97
81 132
81 85
81 122
81 141
81 68
81 47
81 12
81 91
81 79
81 66
81 6
81 108
81 36
81 125
81 45
82 83
82 125
82 43
82 148
82 141
82 109
82 85
82 136
82 149
82 11
82 4
82 71
82 62
82 74
82 70
82 20
82 129
82 111
82 60
82 42
82 137
82 1
82 112
82 90
82 78
82 57
82 3
82 101
82 29
82 126
82 66
82 88
82 121
82 124
82 150
82 113
82 5
82 58
82 69
82 110
82 2
82 53
82 44
82 122
82 52
82 65
82 76
82 50
83 84
83 143
83 32
83 119
83 45
83 127
83 65
83 95
83 148
83 129
83 49
83 34
83 33
83 79
83 4
83 63
83 21
83 80
83 102
83 17
83 43
83 112
83 8
83 88
83 20
83 131
83 10
83 86
83 53
83 142
83 11
83 6
83 42
84 85
84 10
84 25
84 125
84 45
84 61
84 41
84 127
84 145
84 76
84 92
84 107
84 29
84 138
84 101
84 32
84 51
84 121
84 11
84 123
84 133
84 27
84 15
84 75
84 116
84 63
84 23
84 77
84 68
84 78
84 49
84 39
84 14
84 4
84 86
84 96
84 146
84 150
85 86
85 136
85 20
85 121
85 69
85 73
85 120
85 16
85 47
85 133
85 106
85 139
85 135
85 138
85 5
85 84
85 92
85 36
85 83
85 53
85 72
85 88
85 30
85 134
85 32
85 62
85 118
85 11
85 125
85 23
85 99
85 90
86 87
86 52
86 108
86 7
86 3
86 45
86 4
86 127
86 76
86 92
86 2
86 20
86 17
86 46
86 32
86 43
86 58
86 128
86 59
86 71
86 12
87 88
87 33
87 100
87 118
87 19
87 97
87 132
87 94
87 81
87 10
87 28
87 39
87 7
87 119
87 125
87 136
87 57
87 150
87 74
87 86
88 89
88 7
88 105
88 134
88 86
88 99
88 103
88 100
88 58
88 27
88 128
88 52
88 76
88 109
88 18
88 6
88 84
88 127
88 19
88 36
88 25
88 122
88 136
88 11
88 80
88 37
88 45
88 121
88 14
88 93
88 131
88 90
88 69
88 150
88 41
88 94
88 145
88 15
88 126
88 147
88 35
88 71
88 3
88 125
88 23
88 108
88 28
88 2
88 74
88 67
88 43
89 90
89 11
89 137
89 123
89 93
89 128
89 124
89 108
89 88
89 14
89 8
89 85
89 84
89 26
89 127
89 99
89 41
89 98
89 96
89 24
89 103
89 25
89 87
89 81
89 74
89 65
90 91
90 81
90 29
90 61
90 8
90 95
90 105
90 122
90 13
90 27
90 89
90 6
90 14
90 77
90 47
90 22
90 149
90 110
90 40
90 25
90 67
90 130
90 52
90 54
90 127
90 5
90 35
90 78
90 138
90 135
91 92
91 139
91 13
91 127
91 27
91 53
91 141
91 129
91 10
91 87
91 52
91 69
91 57
91 143
91 60
91 113
91 66
91 25
91 15
91 102
91 51
91 135
91 56
91 150
91 62
91 46
91 21
91 81
91 16
91 63
91 80
91 125
91 88
91 14
91 24
91 78
91 137
91 32
91 77
91 95
91 37
91 59
91 122
92 93
92 147
92 103
92 57
92 69
92 26
92 114
92 83
92 133
92 117
92 59
92 102
92 46
92 38
92 73
92 2
92 18
92 22
92 126
92 41
92 106
92 139
92 87
92 64
92 75
92 43
92 137
92 66
92 65
93 94
93 122
93 113
93 8
93 123
93 54
93 62
93 35
93 26
93 85
93 121
93 143
93 66
93 15
93 135
93 120
93 70
93 109
93 55
93 5
93 127
93 92
93 74
93 10
93 56
93 29
93 119
93 57
93 43
93 80
93 28
93 13
93 23
93 88
93 140
93 148
93 6
93 126
93 64
93 106
93 129
93 22
93 9
93 144
94 95
94 34
94 131
94 144
94 127
94 125
94 10
94 36
94 58
94 91
94 100
94 74
94 42
94 62
94 71
94 6
94 99
94 45
94 83
94 72
94 18
94 87
94 132
94 38
94 3
94 106
94 4
94 128
94 73
94 124
94 110
94 70
94 113
94 49
94 29
94 55
94 150
94 138
94 14
94 39
94 115
94 78
95 96
95 31
95 63
95 129
95 138
95 0
95 22
95 114
95 21
95 35
95 47
95 85
95 109
95 115
95 139
95 97
95 57
95 72
95 1
95 127
95 146
95 50
95 144
95 126
95 75
95 118
95 13
95 87
95 142
95 84
95 45
95 30
95 17
95 102
95 12
95 5
95 76
95 136
96 97
96 109
96 64
96 34
96 149
96 21
96 20
96 29
96 22
96 118
96 60
96 57
96 12
96 52
96 115
96 49
96 86
96 136
96 15
96 113
96 54
96 117
96 143
96 66
96 91
96 150
96 41
96 88
96 105
96 145
96 116
96 90
96 68
96 42
96 2
96 77
96 36
96 71
96 130
96 95
96 31
96 14
96 120
96 8
97 98
97 77
97 148
97 85
97 72
97 33
97 29
97 47
97 36
97 125
97 59
97 9
97 115
97 11
97 140
97 84
97 131
97 28
97 104
97 41
97 76
97 99
97 70
97 110
97 5
97 107
97 78
97 86
97 66
97 135
97 119
97 57
97 43
97 40
97 91
97 90
97 37
97 89
97 30
97 25
97 124
97 83
98 99
98 67
98 133
98 120
98 93
98 14
98 22
98 46
98 88
98 84
98 115
98 100
98 124
98 92
98 49
98 125
98 102
98 140
98 97
98 132
98 19
98 141
98 127
99 100
99 77
99 57
99 8
99 149
99 75
99 35
99 124
99 66
99 47
99 49
99 44
99 140
99 132
99 38
99 136
99 103
99 27
99 40
99 22
99 67
99 62
99 78
99 29
99 43
99 107
99 53
99 135
99 0
99 98
99 94
99 15
99 9
99 119
99 150
99 20
99 19
99 73
99 145
99 82
99 87
99 106
99 144
99 90
99 126
99 13
99 3
99 141
100 101
100 91
100 45
100 48
100 142
100 40
100 31
100 29
100 89
100 69
100 137
100 70
100 11
100 74
100 106
100 123
100 103
100 90
100 46
100 98
100 94
100 116
100 117
100 113
100 5
100 130
100 86
100 99
100 128
100 135
100 35
100 129
100 76
100 54
100 108
101 102
101 31
101 109
101 15
101 114
101 16
101 141
101 118
101 24
101 75
101 128
101 146
101 86
101 149
101 95
101 33
101 107
101 42
101 58
101 35
101 60
101 66
101 105
101 21
101 3
101 64
101 92
101 115
101 56
102 103
102 123
102 148
102 106
102 16
102 29
102 57
102 104
102 150
102 125
102 119
102 36
102 59
102 124
102 86
102 26
102 89
102 73
102 75
102 4
102 70
102 109
102 8
102 43
102 95
102 67
102 99
102 56
102 120
102 30
102 33
102 98
102 97
102 23
102 3
102 66
102 42
102 113
102 105
102 54
102 72
102 13
102 135
102 116
102 137
102 64
102 111
102 112
102 44
102 69
102 47
103 104
103 94
103 122
103 83
103 121
103 17
103 28
103 62
103 134
103 92
103 145
103 8
103 22
103 113
103 116
103 100
103 148
103 87
103 38
103 44
103 55
103 80
103 67
103 90
103 86
103 41
103 53
103 50
103 142
103 1
104 105
104 25
104 42
104 140
104 86
104 144
104 53
104 121
104 16
104 96
104 4
104 62
104 116
104 120
104 128
104 130
104 102
104 13
104 3
104 61
104 87
104 33
104 5
104 150
104 135
104 48
104 85
104 122
104 6
104 76
104 141
105 106
105 34
105 40
105 26
105 99
105 16
105 39
105 130
105 28
105 30
105 147
105 126
105 139
105 12
105 116
105 72
105 133
105 47
105 145
105 42
105 84
105 53
105 9
105 85
105 127
105 44
105 46
105 10
105 143
105 80
105 57
105 21
105 65
105 7
105 115
105 61
105 117
105 67
105 50
105 97
105 32
105 150
105 112
105 104
105 86
105 95
105 70
106 107
106 73
106 66
106 89
106 108
106 7
106 32
106 16
106 58
106 72
106 24
106 94
106 150
106 9
106 35
106 43
106 115
106 103
106 136
106 3
106 59
106 111
106 85
106 137
106 145
106 81
106 116
106 87
106 47
106 90
106 105
106 13
106 147
106 12
106 34
106 104
106 149
106 134
106 39
106 63
106 21
106 6
106 133
106 144
106 112
106 50
106 53
106 69
106 40
106 142
106 126
106 122
107 108
107 70
107 68
107 62
107 125
107 0
107 96
107 51
107 17
107 61
107 87
107 40
107 67
107 26
107 145
107 80
107 131
107 127
107 50
107 56
107 52
107 101
107 73
107 47
107 138
107 86
107 21
107 66
107 109
107 55
107 63
107 124
107 110
107 28
107 142
107 92
107 137
107 104
107 5
107 88
107 22
107 129
107 49
107 2
107 34
107 91
107 27
107 106
108 109
108 7
108 17
108 54
108 0
108 110
108 82
108 120
108 113
108 12
108 131
108 30
108 103
108 130
108 50
108 146
108 106
108 6
108 76
108 46
108 126
108 13
108 86
108 101
108 59
108 27
108 11
108 10
108 81
108 143
108 9
108 1
108 28
108 49
108 72
108 89
108 139
108 62
108 53
108 147
108 71
108 69
108 38
108 114
108 132
108 61
108 112
109 110
109 5
109 131
109 52
109 40
109 37
109 90
109 146
109 133
109 127
109 13
109 122
109 76
109 108
109 102
109 61
109 45
109 39
109 21
109 19
109 107
109 144
109 103
109 104
109 79
109 130
109 126
109 136
109 16
109 92
109 48
109 75
109 26
109 7
109 50
109 15
109 128
109 66
109 3
109 132
109 2
109 69
109 34
110 111
110 33
110 103
110 69
110 49
110 70
110 72
110 126
110 52
110 141
110 8
110 146
110 56
110 10
110 115
110 125
110 74
110 71
110 138
110 60
110 76
110 133
110 147
110 129
110 119
110 150
110 114
110 16
110 109
110 88
110 37
110 92
110 0
110 93
110 42
110 139
110 14
111 112
111 1
111 60
111 56
111 135
111 61
111 0
111 30
111 4
111 59
111 122
111 107
111 26
111 80
111 134
111 34
111 58
111 100
111 141
111 17
111 116
111 3
111 110
111 92
111 11
111 50
111 102
111 99
111 29
111 36
111 97
111 148
111 142
111 143
111 38
111 23
111 68
111 35
111 123
111 15
111 78
111 139
111 48
111 89
111 76
111 32
111 108
111 121
111 136
111 8
111 65
111 133
112 113
112 132
112 148
112 24
112 22
112 2
112 33
112 102
112 62
112 70
112 39
112 36
112 55
112 51
112 111
112 85
112 61
112 7
112 35
112 78
112 14
112 58
112 68
112 130
112 45
112 48
112 13
112 6
112 89
112 17
112 82
112 12
112 137
112 21
113 114
113 59
113 150
113 27
113 48
113 30
113 141
113 137
113 40
113 63
113 78
113 14
113 91
113 105
113 53
113 121
113 126
113 24
113 135
113 138
113 60
113 146
113 12
113 112
113 80
113 55
113 90
113 117
113 37
113 51
113 1
113 79
113 74
113 76
113 34
114 115
114 107
114 43
114 122
114 35
114 62
114 45
114 108
114 53
114 33
114 28
114 109
114 148
114 26
114 19
114 8
114 85
114 12
114 150
114 7
114 120
114 138
114 93
114 134
114 84
114 74
114 37
114 5
114 42
115 116
115 94
115 32
115 114
115 86
115 127
115 10
115 5
115 28
115 74
115 130
115 23
115 123
115 138
115 93
115 90
115 91
115 33
115 54
115 108
115 132
115 146
115 66
115 97
115 25
115 65
115 21
115 131
115 42
115 79
115 16
115 47
115 142
115 143
115 35
115 78
115 72
115 46
115 39
115 134
115 95
115 45
115 71
115 62
115 118
115 58
115 135
115 96
115 124
115 27
115 38
116 117
116 126
116 11
116 13
116 60
116 94
116 147
116 78
116 104
116 123
116 62
116 17
116 29
116 134
116 41
116 96
116 91
116 63
116 87
116 148
116 38
116 137
116 9
116 103
116 57
116 4
116 48
116 95
116 124
117 118
117 14
117 95
117 56
117 18
117 24
117 90
117 48
117 10
117 54
117 93
117 41
117 8
117 28
117 7
117 35
117 30
117 2
117 12
117 104
117 4
117 134
117 85
117 67
117 98
117 97
117 51
117 46
117 150
117 53
117 112
117 106
117 27
117 45
117 139
117 64
117 78
117 100
117 149
117 39
117 34
117 1
117 146
118 119
118 133
118 86
118 90
118 30
118 65
118 42
118 129
118 109
118 56
118 60
118 57
118 105
118 79
118 76
118 48
118 64
118 136
118 47
118 66
118 72
118 32
118 124
118 11
118 51
118 19
118 114
118 2
118 9
118 82
118 127
118 87
118 97
118 7
118 146
118 5
118 125
118 110
118 18
118 81
118 24
118 113
118 116
118 67
118 75
118 138
118 39
118 84
119 120
119 92
119 64
119 127
119 33
119 111
119 48
119 41
119 124
119 9
119 130
119 77
119 17
119 131
119 113
119 115
119 143
119 142
119 52
119 109
119 80
119 98
119 25
119 32
119 126
119 122
119 147
119 0
119 31
119 129
119 144
119 15
119 34
119 139
119 10
119 76
119 71
119 90
119 140
119 72
119 135
119 128
120 121
120 27
120 123
120 139
120 150
120 4
120 56
120 95
120 59
120 75
120 97
120 26
120 78
120 79
120 64
120 10
120 111
120 91
120 122
120 92
120 34
120 126
120 30
120 100
120 102
120 106
120 85
120 65
120 115
120 55
120 12
120 13
120 96
120 53
120 7
120 81
120 16
120 51
120 117
120 25
120 105
120 137
120 88
120 142
120 50
120 68
120 61
120 141
120 63
120 104
120 46
120 86
120 77
120 48
120 39
121 122
121 30
121 18
121 0
121 40
121 24
121 114
121 145
121 49
121 57
121 94
121 102
121 136
121 12
121 9
121 15
121 65
121 37
121 101
121 98
121 99
121 88
121 84
121 16
121 107
121 76
121 47
121 17
121 5
121 93
121 23
121 117
121 7
121 19
121 72
121 86
121 80
121 118
121 124
121 120
121 89
121 91
121 67
121 87
121 103
121 139
121 147
121 39
121 34
121 110
121 6
122 123
122 96
122 42
122 99
122 148
122 119
122 63
122 68
122 16
122 120
122 141
122 109
122 58
122 36
122 28
122 83
122 98
122 91
122 44
122 143
122 6
122 128
122 1
122 102
122 4
122 51
122 30
122 64
122 103
122 13
122 114
122 66
122 71
122 5
122 45
122 106
122 111
123 124
123 144
123 77
123 10
123 132
123 109
123 145
123 139
123 28
123 26
123 103
123 7
123 108
123 5
123 92
123 41
123 150
123 134
123 114
123 84
123 42
123 43
123 120
123 44
123 9
123 13
123 49
123 95
123 62
123 147
123 112
124 125
124 54
124 52
124 27
124 59
124 138
124 68
124 99
124 16
124 146
124 102
124 51
124 114
124 53
124 141
124 58
124 32
124 14
124 120
124 46
124 61
124 21
124 24
124 72
124 77
124 42
124 91
124 133
124 83
124 8
124 48
124 29
124 49
125 126
125 48
125 85
125 12
125 18
125 112
125 101
125 86
125 27
125 36
125 136
125 87
125 52
125 124
125 42
125 102
125 142
125 59
125 98
125 19
125 28
125 77
125 21
125 67
125 46
125 54
126 127
126 27
126 121
126 3
126 150
126 132
126 60
126 149
126 140
126 22
126 0
126 16
126 95
126 50
126 51
126 123
126 104
126 7
126 30
126 73
126 6
126 67
126 54
126 45
126 29
126 4
126 130
126 61
126 78
126 2
126 119
126 117
127 128
127 88
127 93
127 22
127 79
127 64
127 86
127 46
127 19
127 21
127 144
127 29
127 12
127 41
127 119
127 90
127 120
127 2
127 36
127 45
127 102
127 35
127 13
127 110
127 50
127 65
127 114
127 0
127 121
127 27
127 55
127 113
127 61
127 15
127 6
127 7
127 53
127 67
127 42
127 31
127 95
127 89
127 20
127 111
127 48
127 40
127 68
127 136
127 105
127 103
128 129
128 54
128 75
128 2
128 106
128 97
128 14
128 84
128 117
128 6
128 76
128 3
128 56
128 70
128 22
128 61
128 67
128 68
128 32
128 143
128 69
128 140
128 145
128 1
128 96
128 149
128 121
128 33
128 26
128 40
128 52
129 130
129 134
129 79
129 83
129 25
129 99
129 28
129 132
129 104
129 86
129 1
129 120
129 26
129 17
129 143
129 119
129 31
129 19
129 44
129 33
129 5
129 42
129 92
129 53
129 6
129 18
129 9
129 91
129 98
129 43
129 97
129 55
129 35
129 142
129 125
129 49
129 76
129 116
130 131
130 88
130 24
130 31
130 27
130 55
130 142
130 148
130 60
130 72
130 46
130 45
130 73
130 5
130 89
130 87
130 79
130 32
130 19
130 37
131 132
131 63
131 30
131 98
131 59
131 97
131 19
131 12
131 69
131 145
131 55
131 149
131 3
131 67
131 27
131 21
131 106
131 6
131 120
131 17
131 87
131 9
131 127
131 133
132 133
132 14
132 129
132 11
132 16
132 83
132 112
132 46
132 31
132 29
132 86
132 26
132 12
132 106
132 113
132 91
132 110
132 33
132 123
132 94
132 105
132 15
132 102
132 90
132 48
132 24
132 131
132 8
132 111
132 57
132 84
132 49
132 76
132 20
132 85
132 47
132 6
132 143
132 28
132 51
132 10
132 147
132 116
133 134
133 129
133 101
133 86
133 142
133 14
133 132
133 141
133 26
133 84
133 57
133 61
133 40
133 37
133 148
133 27
133 91
133 62
133 83
133 76
133 77
133 103
133 75
133 22
133 79
133 120
133 7
133 95
133 149
133 100
133 69
133 58
133 24
133 46
133 123
133 117
133 15
133 93
134 135
134 7
134 107
134 112
134 26
134 2
134 63
134 16
134 87
134 4
134 34
134 31
134 99
134 150
134 93
134 14
134 66
134 109
134 78
134 71
134 32
134 142
134 59
134 18
134 65
134 95
134 117
134 136
134 128
134 28
135 136
135 140
135 105
135 53
135 145
135 146
135 97
135 67
135 77
135 109
135 27
135 100
135 133
135 87
135 89
135 72
135 93
135 60
135 121
135 138
135 144
136 137
136 59
136 103
136 51
136 76
136 19
136 128
136 150
136 77
136 125
136 13
136 46
136 101
136 118
136 116
136 66
136 21
136 4
136 6
136 42
136 86
136 11
136 126
137 138
137 77
137 12
137 141
137 26
137 94
137 16
137 17
137 25
137 126
137 39
137 145
137 101
137 47
137 41
137 100
137 119
137 104
137 114
137 53
137 142
137 71
137 135
137 68
137 127
137 20
138 139
138 96
138 11
138 49
138 76
138 94
138 16
138 119
138 31
138 68
138 136
138 19
138 111
138 85
138 50
138 56
138 131
138 71
138 23
138 128
138 114
138 79
138 60
138 3
138 137
138 41
138 97
138 66
138 9
138 120
138 105
138 147
138 45
138 135
138 29
138 129
138 86
138 99
138 13
138 30
138 148
139 140
139 85
139 27
139 88
139 130
139 24
139 17
139 39
139 128
139 66
139 28
139 33
139 54
139 116
139 90
139 118
139 50
139 109
139 92
139 69
139 74
139 31
139 64
139 2
139 9
139 48
140 141
140 137
140 35
140 21
140 40
140 131
140 13
140 59
140 58
140 57
140 61
140 150
140 38
140 46
140 134
140 31
140 144
140 10
140 84
140 126
140 32
140 97
140 85
140 95
140 68
140 22
140 89
140 87
140 70
140 24
140 25
140 118
140 69
141 142
141 43
141 5
141 27
141 112
141 77
141 80
141 122
141 65
141 124
141 135
141 150
141 87
141 110
141 49
141 14
141 10
141 18
141 33
141 91
141 74
141 111
141 20
141 127
141 148
141 86
141 25
141 61
141 38
141 149
141 59
141 133
141 106
141 54
141 39
141 119
141 115
141 37
141 19
141 85
142 143
142 126
142 137
142 144
142 71
142 66
142 112
142 124
142 25
142 53
142 91
142 149
142 72
142 83
142 60
142 116
142 43
142 76
142 64
142 131
142 119
142 89
142 10
142 41
142 134
142 5
142 93
142 114
142 11
142 75
142 67
142 109
142 2
142 23
142 13
142 50
142 98
142 20
143 144
143 11
143 4
143 26
143 1
143 34
143 105
143 77
143 63
143 132
143 104
143 127
143 109
143 110
143 145
143 123
143 46
143 36
143 19
143 13
143 72
143 93
143 120
143 50
143 85
143 83
143 27
143 43
143 32
143 23
143 38
143 79
143 111
143 8
143 136
143 115
144 145
144 104
144 65
144 118
144 32
144 88
144 95
144 101
144 137
144 74
144 129
144 21
144 2
144 35
144 33
144 7
144 8
144 109
144 142
144 106
144 89
144 26
144 1
144 126
144 59
144 133
144 73
144 17
144 84
144 107
144 18
144 139
144 72
144 149
144 6
144 93
144 147
144 78
144 29
144 136
144 87
144 116
144 91
144 42
144 30
144 5
144 130
144 12
145 146
145 96
145 11
145 127
145 17
145 85
145 88
145 111
145 64
145 74
145 105
145 114
145 44
145 2
145 50
145 84
145 116
145 66
145 118
145 34
145 32
145 39
145 136
145 95
145 25
145 33
145 60
145 10
145 138
145 90
145 29
145 101
145 139
145 22
145 53
145 30
145 51
145 112
145 55
145 108
145 98
146 147
146 116
146 126
146 17
146 83
146 35
146 101
146 57
146 38
146 13
146 11
146 112
146 95
146 102
146 73
146 31
146 137
146 111
146 144
146 143
146 64
146 54
146 82
146 14
146 28
146 4
146 61
146 93
146 120
146 96
146 132
146 65
146 108
146 99
146 140
146 22
146 139
146 42
146 113
146 69
147 148
147 134
147 121
147 123
147 146
147 57
147 67
147 100
147 124
147 52
147 140
147 129
147 108
147 42
147 76
147 99
147 91
147 62
147 47
147 22
147 18
147 101
147 127
147 38
147 63
147 139
147 8
147 31
148 149
148 75
148 20
148 138
148 117
148 93
148 38
148 107
148 125
148 63
148 85
148 58
148 143
148 9
148 11
148 65
148 112
148 120
148 15
148 62
148 118
148 13
148 84
148 1
148 128
148 136
148 72
148 42
149 150
149 75
149 50
149 77
149 47
149 87
149 13
149 117
149 131
149 1
149 146
149 38
149 2
149 125
149 112
149 133
149 104
149 100
149 10
149 29
149 148
149 33
149 63
149 8
149 54
149 144
149 115
149 58
149 35
150 151
150 4
150 50
150 59
150 13
150 2
150 142
150 64
150 105
150 18
150 57
150 5
150 133
150 140
150 116
150 72
150 139
150 68
150 137
150 54
150 98
150 95
150 124
150 92
150 3
150 26
150 48
150 24
150 108
150 135
150 109
150 144
150 71
150 14
150 70
