0 1
0 47
0 49
0 141
1 2
1 25
1 4
1 28
1 9
1 121
1 34
2 3
2 87
2 14
2 112
2 73
3 4
3 97
3 120
3 113
4 5
4 106
4 80
4 20
4 25
4 108
4 15
5 6
5 132
5 46
6 7
6 24
6 136
7 8
7 101
7 111
7 47
8 9
8 112
8 34
8 103
9 10
9 5
9 141
9 85
9 54
9 123
9 74
10 11
10 128
10 103
10 136
10 25
10 3
10 138
11 12
11 104
11 137
11 124
11 110
11 31
11 67
12 13
12 105
12 99
12 86
12 90
12 51
12 132
13 14
13 19
14 15
15 16
15 61
15 40
15 12
16 17
17 18
17 83
17 14
17 73
17 150
17 66
18 19
18 96
18 138
18 75
19 20
20 21
20 63
20 25
20 68
20 119
20 54
21 22
21 91
22 23
22 56
22 5
22 114
22 38
22 42
22 62
23 24
23 57
23 139
24 25
25 26
25 146
25 61
25 31
25 134
25 70
26 27
26 28
26 146
26 96
26 56
26 65
26 86
27 28
27 11
27 51
27 8
28 29
28 136
28 111
28 84
28 41
28 33
28 128
29 30
30 31
31 32
31 47
31 116
32 33
32 115
32 101
32 55
32 139
32 39
32 0
33 34
33 92
34 35
34 83
35 36
35 12
36 37
36 4
36 56
37 38
37 119
37 107
37 76
37 14
37 8
38 39
38 147
38 36
39 40
39 63
39 91
40 41
40 126
40 37
40 45
40 9
40 119
41 42
42 43
43 44
43 113
43 13
43 69
44 45
44 136
45 46
45 43
46 47
46 85
46 81
46 118
46 34
46 32
46 8
47 48
47 62
47 34
47 120
47 8
47 137
48 49
49 50
49 149
50 51
51 52
51 89
51 141
51 125
51 110
51 134
51 128
52 53
52 60
52 46
52 138
52 29
52 36
52 86
53 54
54 55
54 131
54 33
55 56
55 10
55 38
56 57
56 40
57 58
57 139
57 21
57 115
57 69
57 76
58 59
59 60
59 68
59 91
59 57
59 121
59 105
59 118
60 61
60 66
60 53
60 35
60 21
60 2
60 142
61 62
61 139
61 100
61 3
61 142
61 84
62 63
62 118
62 23
62 28
63 64
63 24
63 117
64 65
64 138
64 76
64 26
65 66
65 70
65 137
65 143
65 93
65 64
65 113
66 67
66 103
66 23
67 68
67 133
67 121
67 27
67 37
67 28
67 18
68 69
68 35
68 103
68 40
68 83
68 79
68 50
69 70
69 127
69 75
69 40
69 122
69 123
70 71
70 16
71 72
71 96
71 103
72 73
73 74
73 17
73 147
73 44
73 114
74 75
74 49
74 105
75 76
75 143
75 7
76 77
76 62
76 96
76 3
76 113
76 0
77 78
77 12
77 108
77 52
77 9
78 79
78 142
78 140
78 141
78 135
78 18
78 130
79 80
80 81
80 131
80 148
80 88
80 100
81 82
82 83
82 109
82 125
82 28
82 12
82 128
82 35
83 84
83 16
83 26
84 85
84 142
84 74
84 40
84 131
85 86
85 95
85 74
86 87
86 90
86 20
86 100
86 24
86 111
86 49
87 88
87 26
87 33
87 52
87 11
87 110
87 150
88 89
88 140
88 36
88 57
89 90
89 136
90 91
90 93
90 16
90 53
90 109
91 92
91 63
91 42
91 57
91 107
91 66
92 93
92 51
92 35
92 6
93 94
94 95
94 77
94 71
94 15
94 29
94 25
95 96
95 93
95 30
95 45
95 129
95 8
95 115
96 97
96 128
96 23
96 143
96 59
97 98
97 10
97 122
98 99
98 115
99 100
99 108
99 124
100 101
100 48
101 102
102 103
102 109
103 104
103 11
103 28
103 112
104 105
104 67
104 110
105 106
105 135
105 127
105 94
105 107
106 107
106 114
106 48
106 45
106 118
106 86
107 108
107 6
107 123
107 76
108 109
108 140
108 36
108 126
108 49
109 110
110 111
110 59
110 130
111 112
111 102
111 114
111 85
111 62
111 46
111 60
112 113
112 26
112 55
112 97
112 133
112 46
113 114
113 139
113 49
113 134
114 115
114 112
114 135
114 68
114 37
115 116
115 4
115 105
115 120
115 79
116 117
116 26
116 139
116 135
116 70
116 8
117 118
117 69
118 119
118 57
118 147
118 21
118 39
119 120
119 0
120 121
120 13
120 132
121 122
121 126
121 12
121 57
122 123
122 50
122 61
122 23
122 35
122 14
122 143
123 124
123 30
123 5
123 112
123 121
124 125
124 128
124 28
125 126
125 59
125 32
125 72
125 143
125 67
125 24
126 127
127 128
127 93
127 54
127 133
127 45
128 129
129 130
129 44
129 68
129 126
129 103
130 131
130 68
130 110
130 60
130 112
130 12
130 40
131 132
131 141
131 92
131 69
132 133
133 134
133 15
133 39
133 120
133 116
134 135
134 74
135 136
135 97
135 67
135 77
136 137
136 64
136 115
136 4
137 138
137 18
137 104
138 139
138 0
138 105
139 140
139 91
139 29
140 141
140 114
140 54
140 120
140 128
141 142
142 143
142 81
142 114
142 90
142 18
142 29
142 35
143 144
143 4
143 19
144 145
144 1
145 146
145 92
145 43
146 147
147 148
148 149
149 150
149 75
149 103
149 148
149 40
149 12
149 45
150 151
150 6
150 138
150 71
150 63
150 105
